open + prepare 5.853 s
trial    prefill ms   PlaneTrace ms     calls   share %
    0      4559.993           5.312        80     0.116 (warm-up)
    1      4545.048           4.557        80     0.100 (warm-up)
    2      4542.162           4.300        80     0.095
    3      4587.969           4.482        80     0.098
    4      4712.069           4.814        80     0.102
    5      4860.206           4.533        80     0.093
    6      4924.173           4.629        80     0.094
    7      5048.609           4.747        80     0.094
    8      5135.245           4.902        80     0.095
    9      5184.065           4.680        80     0.090
   10      5174.040           4.659        80     0.090
   11      5188.279           5.270        80     0.102
median over 10 trials, 128 prompt tokens: prefill 5048.609 ms, PlaneTrace 4.680 ms, share 0.095%
