open + prepare 5.608 s
trial    prefill ms   PlaneTrace ms     calls   share %
    0      4595.796           5.026        80     0.109 (warm-up)
    1      4698.892           5.264        80     0.112 (warm-up)
    2      4808.431           4.920        80     0.102
    3      5063.103           5.420        80     0.107
    4      5527.418           4.788        80     0.087
    5      5601.475           5.050        80     0.090
    6      5672.904           5.240        80     0.092
    7      5663.856           5.127        80     0.091
    8      5619.312           5.223        80     0.093
    9      5652.010           5.068        80     0.090
   10      5681.220           5.111        80     0.090
   11      5912.168           5.079        80     0.086
median over 10 trials, 128 prompt tokens: prefill 5652.010 ms, PlaneTrace 5.111 ms, share 0.091%
